homework	exam
43.29959514	18.60465116
49.60526316	20.93023256
10.76923077	24.16666667
71.35971787	31.3253012
58.83333333	33.96226415
0	34.30232558
9.431818182	34.93975904
15.68181818	37.95180723
13.0058651	39.75903614
56.45376176	39.75903614
3.076923077	40
20.33333333	40.56603774
38.08704453	45.93023256
23.46153846	47.09302326
9.090909091	48.19277108
68.57404692	49.39759036
64.90890688	49.41860465
0	50
60.83333333	50.94339623
62.83333333	51.88679245
62.33333333	52.83018868
100	54.21686747
73.91700405	55.23255814
99.03846154	55.81395349
99.03846154	55.81395349
91.75675676	56.25
15.64516129	58.43373494
0	59.03614458
99.23076923	59.16666667
60.66666667	59.43396226
59.41295547	60.46511628
0	60.84337349
0	61.32075472
100	61.32075472
100	61.62790698
11.16666667	62.26415094
97.54702194	63.85542169
100	65.11627907
73.2523511	65.6626506
85.79959514	68.60465116
83.84615385	68.60465116
99.03846154	69.18604651
91.69354839	69.27710843
99.34210526	69.76744186
100	69.81132075
20.96153846	70.34883721
100	71.51162791
100	72.64150943
85.16666667	72.64150943
43.84615385	73.25581395
100	73.4939759
100	73.58490566
100	73.8372093
79.72972973	74.16666667
100	74.52830189
54.5	74.52830189
96.15384615	75.41666667
51.31578947	75.58139535
94.23076923	76.25
86.5	76.41509434
86.83333333	76.41509434
81.38663968	76.74418605
100	76.74418605
72.30769231	77.08333333
1.935483871	77.10843373
100	77.3255814
90.83333333	77.35849057
100	77.71084337
80.85020243	77.90697674
0	78.30188679
41.61656891	78.31325301
100	78.48837209
17.83783784	78.75
100	79.16666667
42.83333333	79.24528302
96.66666667	79.24528302
100	79.24528302
100	80
31.66422287	80.12048193
68.66666667	80.18867925
78	81.13207547
98.5	81.13207547
100	81.25
100	81.3253012
100	81.39534884
62.5	81.92771084
81.05015674	81.92771084
100	83.01886792
100	83.13953488
91.7611336	83.13953488
92.18295218	83.75
91.71052632	84.88372093
90.79937304	84.93975904
72.7962578	85
77.25073314	85.54216867
84	85.8490566
98.07692308	86.04651163
84.36583578	86.14457831
98.28947368	86.62790698
100	86.66666667
97.5	86.79245283
100	87.08333333
84	87.73584906
94.66666667	87.73584906
66.43724696	87.79069767
100	87.95180723
7.954545455	87.95180723
100	88.33333333
100	88.67924528
75.38461538	89.16666667
100	89.58333333
87.93103448	89.75903614
98.07692308	90.11627907
61.89655172	90.36144578
96.23824451	90.36144578
0	90.41666667
97.7027027	90.83333333
95.16666667	91.50943396
100	91.50943396
100	91.66666667
100	92.1686747
98.86363636	92.1686747
98.02631579	92.44186047
90.42619543	92.5
97.82915361	92.77108434
98.64864865	92.91666667
100	93.33333333
90.03118503	93.33333333
100	93.33333333
97.15517241	93.97590361
100	94.16666667
100	94.16666667
99.20454545	95.18072289
95	95.28301887
100	95.41666667
100	95.83333333
45.83333333	96.22641509
100	96.22641509
64	96.22641509
100	96.22641509
97.77821317	96.38554217
98.13416422	96.98795181
99.31818182	96.98795181
100	97.08333333
74.83333333	97.16981132
96.16666667	97.16981132
99.66666667	97.16981132
98.33333333	97.16981132
98.27586207	97.59036145
100	97.59036145
97.66666667	98.11320755
98.33333333	100
98.66666667	100
99	100
0	98.50746269
0	88.88888889
0	86.66666667
0	85.07462687
0	82.85714286
0	82.85714286
0	70.96774194
0	67.77777778
0	65.55555556
0	64.44444444
0	57.14285714
0	53.73134328
0	48.57142857
0	40.29850746
0	36.11111111
0	30.55555556
0	21.11111111
6.333333333	75.55555556
6.930693069	66.66666667
13.33333333	77.77777778
16.93069307	29.62962963
23	49.52380952
26	86.66666667
28.94736842	56.71641791
30.2	74.28571429
34	75.23809524
34.65346535	49.07407407
38	51.11111111
38.15789474	83.58208955
40.52631579	59.70149254
41.78217822	88.88888889
42.6	70.47619048
43.06930693	73.14814815
46.16666667	72.22222222
47	67.61904762
47.6	80
47.89473684	72.13114754
49.5049505	80.55555556
49.83333333	72.22222222
56.2	65.71428571
57.52475248	81.48148148
58.83333333	80
59.33333333	55.55555556
60.79207921	59.25925926
61.05263158	92.53731343
62.2	88.57142857
63.66336634	68.51851852
64.66666667	64.44444444
64.85148515	56.48148148
65.04950495	45.37037037
65.16666667	65.55555556
66.84210526	61.19402985
66.93069307	68.51851852
68	57.77777778
69.8019802	66.66666667
70.33333333	84.44444444
72.27722772	74.07407407
72.57425743	72.22222222
74.21052632	79.10447761
76.03960396	70.37037037
76.31578947	68.65671642
77.4	86.66666667
78.42105263	77.6119403
78.68421053	83.58208955
80	53.73134328
81.48514851	59.25925926
81.68316832	72.22222222
85.2	81.9047619
85.26315789	82.08955224
86.33663366	74.07407407
86.66666667	84.44444444
86.66666667	77.77777778
87.6	86.66666667
87.89473684	74.62686567
88.5	80
88.8	82.85714286
88.91089109	82.40740741
90.0990099	90.74074074
90.3960396	93.51851852
91.05263158	68.65671642
91.66666667	57.77777778
92.33333333	94.44444444
92.6	80
93.36633663	80.55555556
94.21052632	88.05970149
94.73684211	82.08955224
94.73684211	53.73134328
95	88.88888889
96.13861386	84.25925926
96.66666667	86.66666667
96.66666667	81.11111111
96.73267327	80.55555556
97.36842105	88.05970149
97.36842105	74.62686567
97.36842105	68.65671642
97.6	84.76190476
98	72.38095238
98.4	76.19047619
99.47368421	83.58208955
99.47368421	80.59701493
99.5	72.22222222
100	91.11111111
100	91.04477612
100	87.61904762
100	82.08955224
100	76.19047619
100	76.11940299
100	70
100	68.88888889
100	61.9047619
100	80.59701493
100	74.28571429
100	85.18518519
0.568181818	90	1428.69318182	17.52.840909091	18.575.74117647	200.588235294	21.50	2342.2	23.50	25.59.375	26.591.38636364	280	280	28.557.89473684	326.470588235	3263.35227273	3322.15909091	36.51.136363636	372	37.556.91764706	3951.58823529	39.57.26	39.561.70588235	4017.04545455	4047.82954545	40.539.49411765	41.50	41.54.394736842	4260.84	42.541.76	4354.61176471	44.519.01176471	44.50	4538.88235294	4544.95294118	45.50	45.56.835294118	464.829545455	466.159090909	4688.72941176	46.50	46.50	4733.88235294	470	4727.78947368	48100	49.564.60227273	49.555.55263158	5092.10526316	500.761363636	500	50.553.97727273	510	51.50	5247.90588235	52.551.31578947	5341.01176471	53.578.66	53.534.35294118	54.50	54.589.34210526	5515.90909091	5561.1	55.581.53409091	56.553.67045455	57100	571.5	572.631578947	5885.13157895	5883.80681818	58.514.31578947	5973.96590909	590	5925.58823529	59.591.31764706	59.5100	59.599.37647059	59.50	59.50	59.587.30681818	59.569.6	59.598.68421053	600	600.568181818	6017.52272727	600	6053.76	60.564.36842105	613.947368421	6160.31818182	61100	6173.1	6141.65882353	61.597.25882353	61.559.18823529	61.570.43529412	61.531.81818182	61.576.83529412	6248.01136364	6279.01136364	6377.37647059	63.578.42105263	640	6438.54545455	6445.45454545	6470.42	640	64.574.48235294	64.5100	64.552.78947368	6564.84210526	6595.82954545	6579.17045455	6560.34	6559.6	65.598.72941176	65.592.61363636	65.593.18181818	65.50	65.585.13157895	66100	6694.03409091	66100	66.563.65789474	6793.76315789	6747.89473684	670	67.586.36363636	67.599	67.50	67.50	6883.68421053	6832.76315789	6897.36842105	6897.36842105	6825.09411765	68100	6825.49411765	68.59.5	68.568	68.578.73684211	69100	6936.95294118	690	6983.09411765	69.570.36363636	69.5100	69.531.64	69.586.97368421	702.631578947	7078.76315789	7086.52941176	7080.53409091	7055.10588235	70.584.20454545	70.50	70.591.57894737	7194.34210526	7198.68421053	7174.55263158	710	7199	7191.27058824	71.595	71.536.31578947	7267.26315789	7298.94736842	7298.82352941	7228.40909091	723	72.571.71052632	7385.78947368	7388.68421053	7392	7349.43181818	7360.16	7368.16	7399.02352941	73.522.74117647	73.586.16	73.550.5	73.5100	73.519.28947368	74100	7486.64705882	7437.5	7436.77272727	74.583.5	74.516	74.5100	74.593.02631579	75100	7544.68421053	7557.38823529	75100	750	750	75.570.26315789	7693.42105263	7687.36842105	7677.23529412	7623.57954545	761	7697.25882353	76.1363636489.88235294	76.5100	76.583.02631579	7770.21052632	77100	7780.86842105	7792.10526316	7764.05882353	770	7799.43181818	77100	7772	7778.09411765	77.581.05681818	77.525	77.554.34	77.591.76	77.5100	7890.75294118	7889.01176471	7897.34	780	7886.84	7874.34	7879.34	7898.82352941	78.50	78.593.12941176	78.551.14772727	78.582.16	78.5100	78.549.84	78.583.55263158	7996.05263158	7996.84210526	7976.52631579	790	790	7976.2	79.538.11764706	79.590.15909091	79.598.68421053	8088.42105263	8090.08235294	80100	8021.37647059	80.586.18421053	8196.71052632	8198.12941176	810	8183.54545455	81100	8174.74117647	81.586.95294118	81.516.5	81.5100	820	8296.31578947	82100	8215.68235294	82.5100	82.5100	8384.47368421	8377.89473684	8376.47058824	83100	8396.59090909	83.5100	83.50	83.586.84	83.597	83.590.39473684	8473.15789474	84100	84100	8484.07894737	8498.58823529	8482.95454545	8498.29545455	8497.66	840	8481.96470588	84.50	850	85.5100	85.50	85.591.56470588	86100	8697.66	8669.31818182	86.53.5	8761.86842105	87100	87.5100	87.515.34090909	87.5100	87.534.09090909	87.5100	8828.03529412	8886.8	8893.18181818	881	8894.02352941	88.5100	88.599.47368421	89100	89100	89100	8958.81578947	8987.10526316	8988.64705882	89100	8991.30681818	89100	89.50	90100	9090.34090909	90100	9083.45882353	90.5100	90.5100	90.5100	90.590.78947368	91100	9193.35294118	91.5100	920	92100	9264.67058824	9299.76470588	92100	92100	9282	928.763157895	9394.11764706	9394.34	9347.95294118	93.5100	94100	9494.31818182	94.5100	9585.52631579	95100	95100	9592.57647059	95.599.21176471	95.592	95.5100	96100	96100	96100	96100	96.50	96.5100	9799.61176471	97100	97100	97100	97.5100	97.5100	98100	98.575.88235294	98.598.29545455	98.5100	99